stopId;routeNumber
143;344
309;344
373;10
373;12
588;10
588;12
623;345
701;9
701;14
701;32
701;67
701;395
729;344
751;10
751;12
809;314
832;161
832;162
833;162
891;344
1010;9
1010;14
1010;89
1010;395
1067;397
1114;347
1259;162
1259;163
1270;9
1270;14
1270;72
1270;80
1270;344
1305;3
1305;5
1305;8
1305;9
1305;11
1305;31
1305;33
1305;34
1306;2
1306;3
1306;4
1306;8
1306;13
1306;17
1306;344
1308;5
1308;6
1308;9
1308;10
1308;22
1308;341
1309;11
1309;15
1309;22
1309;32
1309;40
1309;69
1309;72
1309;391
1309;397
1310;2
1310;31
1310;35
1310;78
1310;303
1310;392
1311;10
1311;11
1311;12
1311;14
1311;15
1311;61
1311;62
1311;63
1311;94
1311;396
1312;301
1312;303
1312;304
1312;305
1312;306
1312;309
1312;311
1312;314
1312;325
1312;330
1312;352
1362;396
1366;94
1370;391
1372;743
1372;744
1372;751
1377;10
1377;12
1378;10
1378;12
1379;10
1379;12
1379;397
1392;341
1393;94
1398;397
1405;162
1405;163
1406;3
1406;8
1406;15
1406;346
1406;349
1407;161
1407;162
1407;163
1417;396
1437;753
1443;10
1443;11
1443;12
1452;10
1452;12
1454;46
1454;89
1454;394
1456;743
1456;744
1456;751
1475;347
1475;743
1475;744
1499;66
1500;70
1500;342
1501;7
1501;9
1501;61
1501;62
1501;63
1501;79
1501;341
1502;2
1502;3
1502;4
1502;8
1502;9
1502;13
1502;14
1502;17
1502;344
1503;34
1503;346
1504;7
1504;9
1504;10
1504;14
1504;69
1504;72
1504;396
1509;163
1510;162
1510;185
1511;5
1511;6
1511;7
1511;8
1511;13
1511;33
1511;66
1511;70
1511;342
1517;302
1517;304
1517;308
1517;323
1518;163
1520;302
1520;308
1520;311
1520;330
1520;352
1521;163
1522;302
1522;311
1523;32
1524;163
1524;165
1525;11
1525;15
1525;32
1525;40
1525;391
1525;397
1526;162
1526;163
1527;302
1527;304
1528;2
1528;6
1528;7
1528;8
1528;9
1528;11
1528;13
1528;343
1528;344
1528;391
1528;396
1530;163
1531;3
1531;8
1531;11
1531;15
1531;346
1531;349
1532;10
1532;14
1533;161
1533;162
1533;163
1533;345
1534;4
1534;8
1534;9
1534;13
1534;14
1534;17
1535;2
1535;3
1535;4
1535;8
1535;13
1535;17
1535;33
1535;66
1535;70
1535;72
1535;89
1535;344
1535;395
1536;162
1536;185
1536;342
1537;31
1537;302
1537;303
1538;163
1539;7
1539;11
1539;14
1539;15
1539;33
1539;34
1539;396
1540;302
1540;307
1540;308
1540;330
1541;3
1541;4
1541;6
1541;10
1541;13
1541;14
1541;17
1541;22
1541;31
1541;33
1541;34
1541;66
1542;4
1542;10
1542;11
1542;13
1542;14
1542;15
1542;17
1542;22
1542;46
1543;5
1543;6
1543;7
1543;9
1543;10
1552;165
1553;165
1557;4
1557;8
1557;9
1557;13
1557;14
1557;17
1557;76
1565;2
1565;4
1565;5
1565;8
1565;9
1565;11
1565;15
1565;341
1565;342
1565;343
1565;344
1565;345
1565;346
1565;347
1565;348
1565;349
1565;391
1565;392
1565;394
1565;395
1565;396
1565;397
1565;398
1565;912
1565;916
1571;13
1571;89
1571;304
1571;308
1571;323
1571;394
1574;4
1574;10
1574;11
1574;13
1574;15
1574;17
1574;32
1574;33
1574;34
1574;46
1574;69
1574;72
1574;343
1574;391
1574;394
1574;395
1574;397
1574;398
1580;9
1580;94
1580;341
1581;12
1596;14
1596;29
1596;75
1596;396
1596;397
1598;32
1598;391
1628;345
1638;184
1638;185
1677;75
1677;396
1679;753
1679;786
1686;391
1687;12
1687;341
1692;753
1694;397
1706;347
1723;302
1723;352
1724;309
1729;345
1736;162
1736;163
1741;70
1741;342
1748;165
1773;80
1784;396
1790;397
1797;75
1797;396
1809;396
1816;6
1816;10
1816;17
1829;10
1829;11
1829;14
1829;15
1829;61
1829;62
1829;63
1829;94
1843;89
1843;394
1845;32
1845;37
1845;61
1845;62
1845;391
1846;63
1846;79
1846;94
1850;396
1851;89
1852;5
1852;13
1852;342
1854;5
1854;13
1854;89
1869;184
1869;342
1873;14
1873;396
1873;397
1874;37
1874;61
1874;62
1879;347
1884;10
1884;11
1884;12
1884;63
1884;94
1885;22
1885;64
1885;75
1885;80
1885;397
1890;11
1893;5
1893;6
1893;7
1893;8
1893;13
1893;345
1895;6
1895;7
1895;11
1895;13
1895;343
1895;391
1895;396
1904;163
1905;3
1905;8
1905;15
1905;33
1905;34
1905;346
1905;349
1905;747
1905;753
1905;786
1906;2
1906;3
1906;4
1906;8
1906;13
1906;17
1906;32
1906;344
1907;70
1907;342
1908;9
1908;14
1909;162
1909;185
1911;162
1916;397
1919;10
1919;12
1919;14
1919;22
1919;396
1920;12
1928;11
1928;12
1931;10
1931;11
1931;12
1931;397
1934;14
1934;29
1934;75
1934;396
1934;397
1938;3
1938;4
1938;6
1938;7
1938;10
1938;11
1938;15
1938;31
1938;33
1938;34
1938;46
1938;392
1938;394
1938;395
1938;396
1938;397
1938;398
1959;305
1959;306
1959;325
2007;308
2007;330
2007;352
2008;347
2009;305
2010;301
2010;304
2010;330
2011;910
2011;912
2011;916
2011;919
2013;303
2014;303
2015;303
2016;302
2016;304
2018;303
2019;31
2019;303
2019;392
2020;301
2020;352
2021;309
2022;7
2022;15
2022;396
2023;5
2023;6
2023;7
2023;8
2023;13
2025;5
2025;6
2025;7
2025;8
2025;13
2025;345
2027;347
2028;302
2028;304
2029;301
2029;352
2033;303
2034;301
2034;304
2034;330
2034;352
2035;6
2035;7
2035;11
2035;13
2036;304
2036;308
2036;323
2036;394
2038;311
2038;314
2039;303
2040;347
2042;303
2042;311
2042;314
2043;31
2043;302
2043;303
2043;307
2043;352
2043;392
2044;308
2044;311
2045;7
2045;14
2046;7
2046;9
2047;7
2047;15
2047;396
2048;303
2050;308
2050;330
2050;352
2052;7
2053;347
2053;743
2053;744
2054;305
2054;306
2054;325
2055;306
2056;309
2057;305
2057;306
2057;325
2059;303
2059;314
2060;9
2060;14
2060;33
2060;66
2060;67
2060;70
2060;76
2060;89
2060;395
2061;305
2063;305
2078;12
2079;12
2081;5
2081;6
2081;7
2081;9
2082;12
2083;11
2083;12
2083;79
2084;11
2084;15
2084;31
2084;33
2084;34
2085;11
2085;15
2086;11
2086;14
2087;11
2087;14
2088;11
2088;14
2088;46
2089;11
2089;15
2089;61
2089;62
2090;11
2090;15
2092;11
2094;348
2094;910
2096;919
2103;910
2104;2
2104;4
2104;348
2104;912
2104;916
2110;11
2111;11
2111;15
2113;11
2113;31
2113;33
2113;34
2113;77
2114;910
2120;744
2121;11
2137;184
2137;185
2137;342
2139;184
2139;185
2139;342
2141;184
2141;342
2142;185
2143;185
2144;8
2144;31
2144;32
2144;33
2144;34
2144;35
2144;40
2144;46
2144;66
2144;67
2144;69
2144;70
2144;72
2144;76
2144;77
2144;78
2144;80
2144;89
2144;95
2144;161
2144;165
2144;184
2144;185
2144;304
2144;307
2144;323
2144;342
2144;343
2144;344
2144;345
2144;348
2144;391
2144;392
2144;394
2144;395
2144;396
2144;398
2145;5
2145;6
2145;7
2145;8
2145;13
2145;184
2145;185
2145;342
2146;66
2146;184
2146;185
2158;185
2158;342
2160;184
2160;342
2183;5
2183;13
2183;33
2183;66
2183;70
2183;342
2187;12
2198;46
2198;89
2198;394
2228;2
2228;8
2228;9
2228;11
2244;2
2244;3
2244;4
2244;8
2244;13
2244;17
2244;89
2244;95
2245;2
2245;3
2245;4
2245;8
2245;13
2245;17
2247;32
2248;2
2248;3
2248;4
2248;8
2248;13
2248;17
2248;344
2250;2
2250;3
2250;4
2250;8
2250;13
2250;17
2250;344
2251;2
2251;3
2251;4
2251;8
2251;9
2251;13
2251;14
2251;17
2253;2
2253;3
2253;4
2253;8
2253;13
2253;17
2254;2
2254;3
2254;4
2254;8
2254;13
2254;17
2254;31
2254;32
2256;3
2256;4
2256;10
2256;13
2256;14
2256;17
2256;31
2256;33
2256;34
2257;10
2257;11
2257;12
2258;5
2258;6
2258;9
2258;10
2258;341
2260;5
2260;6
2260;9
2260;10
2260;33
2260;34
2260;341
2262;3
2262;4
2262;13
2262;14
2262;17
2262;31
2262;33
2262;34
2262;392
2274;5
2274;6
2274;9
2274;10
2274;341
2275;11
2275;31
2275;33
2275;34
2276;10
2276;14
2276;396
2287;4
2287;10
2287;11
2287;13
2287;15
2287;17
2287;32
2287;343
2287;391
2287;394
2287;395
2287;397
2287;398
2289;4
2289;10
2289;11
2289;13
2289;15
2289;17
2289;343
2289;391
2289;394
2289;395
2289;397
2289;398
2290;4
2290;10
2290;11
2290;13
2290;15
2290;17
2290;343
2290;391
2290;394
2290;395
2290;397
2290;398
2292;5
2292;6
2292;9
2292;10
2292;341
2293;5
2293;6
2293;9
2293;10
2293;341
2294;4
2294;10
2294;11
2294;13
2294;15
2294;17
2294;343
2294;391
2294;394
2294;395
2294;397
2294;398
2295;11
2298;4
2298;10
2298;11
2298;13
2298;15
2298;17
2298;343
2298;391
2298;394
2298;395
2298;397
2298;398
2299;4
2299;10
2299;11
2299;13
2299;15
2299;17
2300;10
2300;11
2300;12
2300;14
2300;15
2301;7
2301;9
2301;14
2301;22
2301;29
2301;37
2301;38
2301;61
2301;62
2301;63
2301;64
2301;69
2301;75
2301;77
2301;79
2301;80
2301;94
2301;341
2301;346
2301;347
2301;349
2301;397
2301;743
2301;744
2301;751
2302;6
2302;7
2302;10
2302;15
2302;22
2302;396
2308;11
2312;11
2313;10
2313;14
2313;396
2315;5
2315;6
2315;9
2315;10
2315;341
2316;7
2316;12
2316;743
2316;744
2316;751
2320;919
2324;304
2324;308
2324;323
2324;394
2326;347
2326;743
2326;744
2327;303
2328;302
2328;308
2328;311
2328;330
2329;347
2332;303
2332;314
2333;304
2333;330
2334;302
2334;304
2336;306
2336;325
2337;347
2338;309
2339;301
2341;302
2341;308
2341;311
2341;314
2341;352
2346;305
2350;303
2351;314
2352;302
2352;308
2352;330
2354;301
2354;304
2354;330
2356;7
2358;347
2358;743
2360;303
2361;309
2362;302
2362;308
2362;330
2363;305
2366;311
2366;314
2367;5
2367;6
2367;7
2367;8
2367;13
2367;345
2368;301
2368;304
2368;330
2368;352
2369;311
2370;303
2373;308
2373;311
2373;314
2374;302
2374;352
2375;7
2375;9
2375;61
2375;62
2375;341
2376;305
2377;314
2378;301
2378;304
2378;330
2379;306
2379;325
2380;308
2380;330
2381;303
2382;302
2382;303
2383;31
2383;303
2383;392
2385;305
2386;302
2386;311
2387;303
2388;303
2389;301
2389;304
2389;330
2389;352
2391;308
2391;311
2391;314
2391;352
2392;306
2392;325
2394;309
2396;305
2397;303
2398;303
2398;311
2400;347
2401;302
2401;304
2401;352
2404;5
2404;6
2404;7
2404;8
2404;13
2404;345
2406;7
2406;9
2406;341
2410;302
2410;308
2410;330
2411;304
2411;308
2411;323
2411;394
2412;308
2412;314
2413;5
2413;6
2413;7
2413;8
2413;13
2413;345
2414;6
2414;7
2414;8
2414;13
2422;63
2422;79
2423;61
2424;61
2425;61
2426;346
2426;349
2426;747
2426;753
2426;786
2427;346
2427;744
2427;747
2428;34
2428;346
2428;349
2428;747
2428;753
2428;786
2429;32
2429;61
2429;62
2429;391
2430;349
2430;786
2431;349
2431;786
2432;349
2432;753
2432;786
2433;346
2433;747
2434;34
2434;346
2434;349
2434;747
2434;786
2435;63
2435;94
2436;346
2436;747
2437;34
2437;346
2437;349
2437;747
2437;786
2438;34
2438;346
2438;349
2438;747
2438;786
2439;37
2439;62
2440;7
2440;9
2440;61
2440;62
2440;79
2440;341
2441;7
2441;9
2441;61
2441;62
2441;341
2442;61
2442;62
2443;346
2443;744
2443;747
2444;34
2444;346
2444;349
2444;747
2444;786
2445;62
2446;747
2446;753
2446;786
2447;349
2447;753
2447;786
2448;346
2448;747
2449;744
2449;747
2450;34
2450;346
2450;349
2450;747
2450;753
2450;786
2451;63
2451;94
2452;349
2452;744
2452;753
2452;786
2453;64
2453;75
2453;80
2453;396
2453;397
2454;29
2454;32
2454;40
2454;61
2454;62
2454;80
2454;391
2455;346
2455;743
2455;747
2456;63
2457;32
2457;61
2457;62
2457;391
2458;753
2458;786
2459;349
2459;743
2459;744
2459;753
2459;786
2460;61
2460;62
2461;349
2461;753
2461;786
2462;346
2462;349
2462;747
2462;753
2462;786
2463;61
2463;62
2464;346
2464;747
2465;63
2465;94
2466;346
2466;349
2466;747
2466;753
2466;786
2467;743
2467;747
2468;63
2468;94
2469;37
2470;753
2470;786
2471;349
2471;744
2471;753
2471;786
2472;63
2473;34
2473;346
2473;349
2473;747
2473;786
2474;743
2474;747
2475;304
2475;308
2475;323
2475;394
2476;302
2476;308
2476;330
2478;306
2478;325
2480;301
2481;303
2482;9
2482;94
2482;341
2483;308
2483;314
2484;347
2485;303
2486;305
2487;5
2487;6
2487;7
2487;8
2487;13
2488;5
2488;6
2488;7
2488;8
2488;13
2488;70
2488;342
2489;7
2490;325
2491;325
2492;325
2496;325
2497;347
2498;163
2499;163
2500;163
2505;31
2505;303
2505;392
2506;161
2506;165
2506;345
2508;6
2508;7
2508;8
2508;13
2509;7
2509;15
2509;396
2510;7
2511;161
2511;165
2511;345
2514;301
2514;302
2514;303
2514;305
2514;306
2514;308
2514;309
2514;311
2514;314
2514;325
2514;330
2514;352
2516;304
2516;330
2518;304
2518;308
2518;323
2518;394
2520;31
2520;303
2524;8
2524;13
2525;743
2526;8
2526;31
2526;32
2526;33
2526;34
2526;46
2526;69
2526;72
2526;392
2526;395
2527;8
2527;31
2527;32
2527;33
2527;34
2527;392
2528;8
2528;32
2529;8
2529;31
2529;32
2529;33
2529;34
2530;35
2530;78
2531;35
2531;67
2531;78
2531;343
2532;35
2532;67
2532;78
2532;343
2533;78
2533;80
2533;89
2533;95
2534;35
2535;2
2535;35
2535;78
2535;80
2535;343
2536;4
2536;307
2537;35
2537;78
2538;17
2538;78
2538;307
2539;35
2539;78
2540;31
2540;78
2540;80
2540;89
2540;95
2540;323
2540;343
2540;392
2541;35
2541;78
2542;35
2542;67
2542;78
2542;343
2543;67
2543;78
2543;80
2543;343
2544;17
2544;78
2544;343
2545;35
2545;78
2546;35
2546;67
2546;78
2546;343
2547;78
2547;89
2547;95
2548;348
2548;912
2548;919
2549;348
2549;912
2549;919
2550;5
2550;13
2550;89
2550;395
2551;161
2551;165
2551;345
2552;165
2553;29
2554;165
2556;912
2556;916
2557;165
2558;165
2558;345
2559;165
2561;751
2562;80
2563;46
2564;67
2564;80
2564;343
2565;33
2565;66
2565;70
2565;342
2566;40
2567;5
2567;6
2567;347
2568;66
2569;916
2570;31
2570;33
2570;34
2570;392
2571;5
2571;9
2572;17
2573;40
2575;4
2576;33
2576;66
2576;70
2576;76
2576;395
2577;916
2578;70
2578;342
2579;38
2579;69
2580;17
2580;80
2580;89
2580;323
2581;40
2582;3
2582;33
2582;66
2582;70
2582;72
2582;344
2583;912
2583;916
2584;80
2585;910
2586;80
2587;46
2587;394
2588;348
2588;910
2589;4
2590;2
2590;5
2590;8
2590;9
2590;11
2590;161
2590;165
2591;31
2591;392
2592;165
2593;37
2594;75
2594;396
2595;37
2598;31
2598;33
2598;34
2599;66
2599;76
2600;33
2600;34
2601;79
2603;37
2603;80
2604;912
2604;916
2605;66
2606;33
2606;34
2607;13
2607;38
2607;46
2607;80
2607;394
2608;80
2609;64
2609;75
2609;396
2610;69
2610;80
2612;2
2612;4
2612;348
2612;912
2612;916
2613;4
2614;13
2614;394
2615;2
2615;4
2615;33
2615;348
2615;912
2615;916
2617;37
2618;33
2618;66
2618;70
2619;38
2619;69
2620;33
2620;34
2621;33
2621;34
2622;46
2624;751
2625;161
2625;165
2625;345
2626;89
2626;95
2627;9
2627;14
2628;348
2628;910
2628;912
2628;916
2629;46
2630;4
2631;743
2631;744
2632;33
2632;66
2632;70
2633;13
2633;89
2633;395
2634;37
2635;13
2635;394
2636;29
2637;33
2637;34
2638;33
2638;77
2639;33
2639;34
2640;3
2640;95
2641;3
2641;11
2641;31
2641;33
2641;34
2642;916
2643;161
2643;165
2643;345
2645;17
2645;343
2646;33
2646;66
2646;70
2646;395
2647;38
2648;38
2649;348
2649;916
2649;919
2650;31
2650;32
2650;33
2650;34
2650;392
2651;2
2651;4
2651;33
2651;348
2651;912
2651;916
2654;751
2655;33
2656;33
2657;2
2657;9
2657;66
2658;70
2658;342
2659;912
2659;916
2660;32
2662;32
2662;89
2662;395
2663;348
2663;918
2663;919
2665;33
2665;66
2665;70
2665;342
2666;22
2666;37
2666;69
2666;80
2667;75
2667;396
2669;910
2669;912
2669;916
2670;918
2670;919
2671;13
2671;80
2671;394
2672;40
2673;32
2673;46
2674;161
2674;165
2674;345
2675;345
2676;347
2676;743
2676;744
2677;66
2677;76
2678;70
2678;342
2680;2
2680;4
2680;33
2680;348
2680;912
2680;916
2681;744
2682;29
2682;75
2682;396
2683;40
2684;307
2687;67
2687;80
2687;343
2689;2
2689;4
2689;348
2689;912
2689;916
2693;33
2693;34
2694;79
2695;80
2695;89
2695;323
2696;910
2698;347
2698;751
2699;5
2699;6
2699;347
2700;33
2700;66
2700;70
2701;5
2701;6
2701;33
2701;347
2702;32
2702;391
2705;17
2705;343
2707;29
2709;77
2710;80
2710;89
2710;323
2711;13
2711;80
2711;394
2712;13
2712;394
2713;3
2713;67
2714;13
2714;32
2714;89
2714;395
2715;347
2715;751
2716;80
2718;80
2720;165
2721;34
2721;346
2722;32
2723;347
2723;743
2723;744
2729;9
2729;341
2730;31
2730;32
2730;95
2730;392
2731;13
2731;80
2731;394
2732;916
2732;918
2733;918
2734;69
2735;751
2737;161
2738;32
2738;33
2738;66
2738;70
2738;395
2740;4
2741;345
2742;912
2742;916
2743;64
2744;37
2745;70
2745;342
2746;912
2746;916
2747;912
2747;916
2748;33
2748;34
2749;32
2749;33
2749;34
2749;46
2749;69
2749;72
2749;391
2749;397
2750;17
2750;343
2752;32
2752;33
2752;34
2754;918
2755;348
2755;912
2755;919
2756;32
2756;33
2756;34
2756;46
2756;69
2756;72
2756;395
2756;398
2757;918
2758;46
2760;161
2761;64
2762;165
2763;64
2763;75
2763;396
2764;66
2765;77
2766;5
2766;6
2766;347
2767;347
2767;751
2768;4
2768;15
2769;89
2769;95
2770;2
2771;77
2772;17
2772;307
2773;75
2773;396
2774;4
2774;15
2775;89
2775;95
2777;67
2777;89
2778;46
2779;11
2779;15
2780;348
2780;912
2780;919
2781;5
2781;13
2781;33
2781;66
2781;70
2781;342
2782;161
2783;66
2783;76
2784;38
2784;69
2785;916
2787;32
2788;2
2788;4
2788;33
2788;348
2788;910
2788;912
2788;916
2789;33
2789;34
2789;46
2790;348
2790;910
2791;5
2791;6
2791;347
2792;17
2795;910
2796;918
2797;743
2798;743
2799;5
2799;6
2799;347
2800;38
2801;89
2802;89
2802;395
2803;95
2804;13
2804;38
2804;46
2804;394
2807;32
2807;89
2807;395
2808;38
2808;46
2808;394
2809;13
2810;3
2810;80
2810;343
2811;46
2811;394
2812;9
2812;341
2813;161
2813;165
2813;345
2814;5
2814;161
2814;165
2814;342
2814;345
2815;9
2816;79
2817;31
2817;32
2817;392
2818;2
2821;46
2822;307
2823;38
2824;31
2824;32
2824;392
2825;29
2826;33
2826;66
2826;70
2826;72
2828;70
2828;342
2829;67
2829;72
2829;344
2831;46
2831;394
2832;77
2833;348
2833;910
2834;69
2835;916
2836;32
2836;89
2836;395
2837;38
2838;38
2839;307
2840;72
2840;344
2841;80
2841;89
2841;323
2843;75
2843;396
2845;5
2845;6
2845;33
2845;34
2845;347
2845;751
2846;743
2846;744
2847;75
2847;396
2848;348
2848;912
2848;919
2849;32
2850;161
2850;345
2851;72
2851;80
2851;344
2852;307
2853;13
2853;394
2854;4
2854;15
2855;744
2856;165
2857;67
2858;161
2858;345
2859;348
2859;919
2861;33
2861;34
2862;67
2863;165
2864;348
2864;912
2864;919
2865;348
2865;912
2865;916
2865;919
2866;348
2866;910
2866;912
2866;916
2867;77
2868;31
2868;32
2868;33
2868;34
2868;392
2869;77
2870;3
2870;8
2870;11
2870;346
2870;349
2871;3
2871;72
2871;89
2871;344
2872;348
2872;910
2891;66
2891;76
2891;395
2893;4
2893;32
2893;33
2893;34
2893;46
2893;69
2893;72
2895;349
2895;743
2895;744
2906;302
2906;304
2906;308
2906;323
2906;330
2906;394
2944;347
